m1=290;%kg
b1=1000;%Ns/m
k1=16182;%N/m
m2=59;%kg
k2=19000;%N/m
f=0;%N
z1=0.05*sin(0.5*pi);%m
z2=0.05*sin(20*pi);%m
